"pen_size_animal","month","BW","backfat_thick","eye_rib","carcass_weight","windex","marbling"
8.33333333333333,28.8,800,13,88,474,6.35,5
8.33333333333333,31.2,730,17,94,419,62.95,7
8.33333333333333,28.7,840,16,88,494,60.99,4
8.33333333333333,30.4,780,7,101,448,69.41,5
8.33333333333333,31.3,670,23,83,402,58.18,6
8.33333333333333,29.1,720,21,95,433,60.24,6
8.33333333333333,29.7,920,27,86,543,52.68,6
8.33333333333333,29.8,810,13,92,481,63.7,6
8.33333333333333,30.9,965,14,97,557,61.9,3
8.33333333333333,29.9,785,8,98,443,68.52,5
6.25,27.4,745,6,108,435,71.26,6
6.25,27.6,700,22,74,402,57.63,4
3.15,32.1,880,6,122,495,71.64,5
3.15,30.1,831,10,82,476,64.4,6
3.15,29,760,13,99,459,65.14,7
3.15,31,800,18,96,471,61.34,5
3.15,31.8,745,21,93,525,57.77,7
3.15,32,745,15,94,463,63.14,6
3.15,31,766,14,78,422,62.67,4
3.15,28.5,780,19,104,481,61.51,3
3.15,28.8,825,14,102,467,64.71,8
3.15,31.7,835,14,95,498,63.06,7
3.15,28.4,710,12,77,407,64.15,4
6.25,29.8,770,11,105,461,67.12,7
3.15,31.9,731,11,100,447,66.81,7
3.15,29.4,664,11,86,409,65.9,5
3.15,32.6,793,15,97,481,63.1,7
3.15,29.3,704,23,88,411,58.61,3
3.15,30.1,716,26,80,404,55.86,2
3.15,30.3,768,7,88,453,67.6,5
3.15,31.8,840,21,96,506,58.62,7
3.15,29.4,753,7,76,418,66.88,3
3.15,31.2,774,22,103,455,60.13,6
3.15,31.6,745,13,96,449,64.99,4
3.15,31.7,786,7,98,473,68.42,4
6.25,29.5,761,24,85,453,56.59,6
6.25,31.9,760,12,109,457,67.11,6
6.25,32.8,858,24,135,502,61.91,8
6.25,30.9,810,18,106,463,62.83,7
6.25,33.1,851,11,82,508,63,6
6.25,32.4,950,9,136,572,69.74,7
6.25,30.1,859,18,100,511,60.9,6
6.25,31,731,27,83,438,54.81,2
6.25,32.6,821,6,107,501,69.55,6
6.25,33.1,621,15,86,359,64.6,4
6.25,30.9,693,24,83,402,57.55,5
6.25,32.9,757,16,94,451,62.81,8
6.25,31.4,744,21,94,436,60.04,7
6.25,30.1,716,16,96,448,63.14,7
6.25,30.4,776,25,85,457,55.87,4
6.25,32.2,653,14,87,386,64.71,6
6.25,28.9,816,10,116,470,68.96,7
6.25,31.5,737,18,98,426,62.68,8
6.25,30.3,743,28,82,430,54.25,5
6.25,31.7,900,29,97,533,63.1,6
6.25,31.8,756,13,105,437,66.45,6
6.25,27.5,780,16,105,449,64.28,7
6.25,30.1,775,6,100,432,70.29,7
6.25,30.1,715,17,80,416,61.2,4
6.25,29.8,840,12,119,540,66.42,8
6.25,31.6,800,9,99,459,67.84,6
6.25,29.6,873,18,101,509,61.07,4
6.25,31.3,865,27,95,507,54.72,6
6.25,29.5,810,12,73,455,62.48,3
6.25,29.4,765,17,100,445,63.1,7
6.25,31.7,845,11,106,473,66.96,6
6.25,30.3,820,13,98,460,64.98,7
6.25,30.7,880,16,98,504,62.05,6
3.15,29.5,753,9,95,421,68.03,2
3.15,30.7,775,11,90,443,65.6,3
3.15,31,831,5,101,485,69.77,4
3.15,30.3,743,22,74,428,57.01,2
3.15,30.4,722,11,86,431,65.37,6
3.15,30.6,831,12,91,479,64.24,3
3.15,30.3,792,11,104,456,67.11,8
3.15,30,727,20,88,449,59.57,6
3.15,30.3,781,13,87,451,63.77,6
3.15,30.3,674,8,89,364,69.24,3
3.15,30.9,694,5,87,410,69.75,2
3.15,30.7,633,15,75,358,63.19,6
3.15,29.6,729,10,105,431,68.47,6
3.15,30.7,833,13,127,465,68.63,6
3.15,29.9,744,11,79,436,64.34,5
3.15,30.2,704,4,90,413,70.7,4
3.15,29.5,789,8,91,458,67.25,4
3.15,30,667,18,99,392,63.62,8
3.15,30.2,798,16,98,456,63.21,4
8.33333333333333,26,622,5,53,344,66.92,2
6.25,29,862,8,87,490,65.96,4
6.25,29.6,747,12,99,425,66.58,9
6.25,31,762,8,109,454,69.68,7
6.25,31.2,782,17,94,433,62.61,6
6.25,30.7,834,13,104,486,65.14,7
6.25,30.9,738,20,111,440,62.78,7
6.25,31.6,773,12,105,437,67.07,6
6.25,32.4,729,9,79,421,65.95,2
6.25,30.3,843,11,103,486,66.26,7
6.25,31.3,561,11,71,324,65.99,7
6.25,30.1,804,24,91,462,57.15,4
6.25,31.3,748,13,92,430,64.92,3
6.25,31.7,862,13,91,493,63.28,6
6.25,33,758,12,93,453,65.13,7
6.25,30.3,876,20,99,486,60.12,5
6.25,35.3,820,5,87,460,68.55,6
6.25,31,797,14,100,485,64.02,4
6.25,29.9,810,17,95,480,61.61,5
6.25,30.9,742,11,85,446,64.88,6
6.25,30.8,853,17,95,509,60.92,8
6.25,31.4,752,15,97,441,64.06,6
6.25,30.7,756,16,78,448,60.8,4
6.25,30.2,874,13,96,495,63.88,6
6.25,31,796,12,89,448,64.73,4
6.25,30.5,816,13,89,476,63.43,6
6.25,30.3,749,10,98,434,67.48,7
6.25,28.9,831,15,105,499,63.71,9
6.25,32.5,689,12,108,415,67.99,9
6.25,30.5,730,8,88,434,67.43,7
6.25,30.1,681,7,94,407,69.49,6
6.25,29.8,734,11,93,414,66.69,7
6.25,32.1,565,5,89,332,71.89,7
6.25,27.7,884,15,100,532,62.27,8
6.25,26.2,780,16,85,463,61.35,5
6.25,28.5,714,8,84,416,67.35,6
6.25,29.8,829,15,109,498,64.25,7
6.25,29.2,772,15,109,435,65.76,6
6.25,29.4,898,20,94,534,58.31,7
6.25,29.2,786,14,93,441,64.17,6
6.25,29.1,894,20,99,516,59.4,9
6.25,29.9,773,13,79,428,63.28,8
6.25,29.8,809,24,89,472,56.65,4
6.25,29.1,836,16,90,460,62.07,6
6.25,29.3,850,10,87,483,64.88,3
6.25,32.6,670,13,96,394,66.31,9
6.25,29.9,798,17,94,473,61.65,6
6.25,29.9,701,10,94,402,67.73,4
6.25,29.5,658,9,73,367,66.47,4
6.25,30,852,15,96,503,62.44,5
6.25,28.8,689,15,75,394,62.33,6
6.25,29.6,849,14,117,497,65.94,6
6.25,29.8,767,8,108,433,70.06,9
6.25,28.3,829,13,97,507,63.73,7
6.25,29.2,941,14,97,563,61.76,3
6.25,29.9,712,13,84,415,64.24,2
6.25,29.3,747,19,83,442,59.72,4
6.25,29.5,785,16,86,452,61.74,6
6.25,29.9,889,22,98,529,57.7,6
6.25,29.5,748,17,87,458,61.1,6
6.25,29.5,802,14,92,460,63.58,4
6.25,30.7,710,21,96,422,60.64,7
6.25,30.9,875,13,106,533,64.27,6
8.33333333333333,30.7,774,18,94,456,61.44,6
8.33333333333333,31,810,18,92,482,60.55,4
8.33333333333333,30.9,839,17,89,482,60.79,2
8.33333333333333,31.4,793,12,90,458,64.62,4
8.33333333333333,31.5,881,19,132,537,63.81,8
8.33333333333333,31.8,775,18,94,447,61.85,6
8.33333333333333,30,754,16,94,403,63.96,6
8.33333333333333,29.5,804,14,92,455,63.7,6
8.33333333333333,29.7,776,13,87,453,63.72,6
6.25,28.1,985,21,115,599,58.36,6
8.33333333333333,31,848,14,108,469,65.44,7
8.33333333333333,31.2,816,16,94,455,62.71,6
8.33333333333333,29.6,823,15,98,483,63.18,6
8.33333333333333,29,759,7,87,435,67.9,6
8.33333333333333,31,837,14,102,517,63.51,7
8.33333333333333,30.1,856,14,97,495,63.39,2
8.33333333333333,31,740,10,97,425,67.57,6
8.33333333333333,28.6,866,17,96,505,61.14,3
8.33333333333333,30.7,879,13,107,504,65.1,6
8.33333333333333,31.8,642,13,109,403,67,8
8.33333333333333,29.9,812,26,82,488,54.11,4
8.33333333333333,27.8,797,14,104,462,65.09,6
6.25,31.3,860,16,87,506,60.58,7
6.25,30,999,21,117,585,59.45,7
6.25,28.2,966,13,94,547,62.38,4
6.25,29.8,861,18,106,494,62.08,7
6.25,28.6,870,12,102,501,65.15,7
6.25,29.1,802,10,93,441,66.67,6
6.25,29.2,871,18,102,505,61.3,7
6.25,29,792,12,84,447,64.1,3
6.25,29.4,922,15,109,551,62.98,7
6.25,28.9,752,12,103,445,66.62,7
6.25,28.3,942,11,98,556,63.93,8
8.33333333333333,29,700,8,76,396,66.79,7
8.33333333333333,29.5,750,12,96,419,66.33,2
6.25,29.6,848,14,101,515,63.43,4
8.33333333333333,29.4,830,21,94,472,59.18,6
6.25,29,750,7,84,437,67.47,6
8.33333333333333,29.6,749,22,97,446,59.57,7
8.33333333333333,29.6,925,18,102,553,60.15,9
8.33333333333333,30.4,783,12,102,435,66.73,4
8.33333333333333,30.2,910,12,122,533,66.98,7
6.25,28.8,740,17,84,419,61.65,2
6.25,29.3,863,18,96,499,60.66,7
6.25,26.9,803,6,112,464,71.08,8
8.33333333333333,29,749,9,79,418,66.02,5
8.33333333333333,30.8,801,15,95,474,63.01,8
8.33333333333333,29.7,880,17,103,521,61.67,6
8.33333333333333,30.3,886,15,98,514,62.44,6
8.33333333333333,29.9,988,16,97,585,59.98,5
8.33333333333333,29.8,928,17,98,533,60.73,5
8.33333333333333,28.9,898,13,98,515,63.66,6
8.33333333333333,30.8,809,16,78,480,60.03,4
8.33333333333333,28.9,817,14,94,510,62.64,7
8.33333333333333,29.5,804,16,79,457,60.71,4
8.33333333333333,28.6,772,7,89,443,67.97,4
8.33333333333333,29.1,793,14,98,459,64.38,7
8.33333333333333,29.7,851,15,118,497,65.45,8
8.33333333333333,29,762,13,114,444,67.45,9
8.33333333333333,29.8,843,16,110,508,63.52,7
8.33333333333333,28.6,871,33,81,509,49.1,6
8.33333333333333,29.6,886,22,95,503,57.94,6
8.33333333333333,29.3,849,25,100,491,57,7
8.33333333333333,29.6,857,20,93,498,59.05,7
8.33333333333333,29.3,694,8,85,399,67.88,6
8.33333333333333,29,764,27,89,442,55.5,5
8.33333333333333,29.3,824,17,114,502,63.56,9
8.33333333333333,29.7,757,15,86,435,62.77,8
8.33333333333333,29.3,756,15,87,443,62.71,2
8.33333333333333,29.6,758,25,86,450,56.16,6
8.33333333333333,29.5,859,13,97,520,63.41,6
8.33333333333333,29.9,873,13,103,516,64.29,6
8.33333333333333,29.7,839,16,96,503,61.82,6
8.33333333333333,30.9,630,8,43,348,63.65,4
8.33333333333333,30.3,712,15,87,417,63.34,4
8.33333333333333,29.5,844,20,100,518,59.48,7
8.33333333333333,28.8,818,18,97,483,61.18,8
8.33333333333333,29.8,821,15,99,477,63.46,6
8.33333333333333,29.8,829,18,98,499,60.92,9
8.33333333333333,29.4,878,20,106,526,60.07,7
8.33333333333333,30.4,774,19,92,459,60.48,7
8.33333333333333,31.1,803,14,95,477,63.56,7
8.33333333333333,30.1,805,16,98,474,62.77,6
8.33333333333333,30,841,11,100,496,65.63,5
8.33333333333333,28.5,861,16,99,520,61.8,7
8.33333333333333,30.7,851,20,87,502,58.17,7
8.33333333333333,28.9,809,16,107,483,63.73,9
8.33333333333333,28.8,831,9,85,476,65.41,6
8.33333333333333,29.1,969,17,117,583,62,7
8.33333333333333,30.2,738,14,79,430,62.61,4
8.33333333333333,29,807,11,83,458,64.38,4
8.33333333333333,28.9,851,15,99,497,62.98,6
8.33333333333333,28.5,652,9,80,365,67.42,6
8.33333333333333,30.3,856,14,93,487,63.06,7
8.33333333333333,29.9,862,13,88,524,62.15,6
8.33333333333333,28.6,826,10,103,458,67.56,3
8.33333333333333,28.8,743,10,96,427,67.39,6
8.33333333333333,29.2,712,12,82,425,64.37,6
8.33333333333333,29.3,772,17,89,464,61.22,6
8.33333333333333,35.3095890410959,640,15,103,358,66.83,9
8.33333333333333,34.0602739726027,741,9,81,419,66.26,3
8.33333333333333,33.9616438356164,842,24,88,494,55.99,6
8.33333333333333,33.6986301369863,828,27,79,508,52.61,4
8.33333333333333,33.9616438356164,694,12,91,402,66.09,6
8.33333333333333,34.027397260274,794,12,104,471,66.13,7
8.33333333333333,35.0465753424658,793,24,88,489,56.11,4
8.33333333333333,33.7972602739726,747,17,106,452,63.72,9
8.33333333333333,33.5342465753425,802,16,90,492,61.3,7
8.33333333333333,33.7972602739726,770,10,97,458,66.78,7
8.33333333333333,31.7,525,10,35,285,62.87,3
8.33333333333333,32.7,837,20,83,518,57.27,6
8.33333333333333,31.8,865,17,100,539,60.85,7
8.33333333333333,30.2,926,12,95,517,63.85,6
8.33333333333333,29.5,780,12,97,448,65.77,6
8.33333333333333,30.3,745,17,99,437,63.17,5
8.33333333333333,32.7,829,14,87,470,62.69,7
8.33333333333333,33.4,866,9,97,517,65.99,7
8.33333333333333,30.1,805,8,105,467,68.85,8
8.33333333333333,25.4,797,13,103,472,65.35,6
8.33333333333333,30.9,754,29,86,450,53.66,6
8.33333333333333,31,866,16,96,499,61.91,6
8.33333333333333,30.4,784,9,98,473,67.17,6
8.33333333333333,31,910,14,96,539,62.2,6
8.33333333333333,30.7,761,21,100,488,59.57,8
8.33333333333333,30.5,903,16,113,465,64.94,6
8.33333333333333,30.3,774,9,102,466,67.86,8
8.33333333333333,30.4,744,7,81,412,67.68,6
8.33333333333333,29,837,31,87,489,51.61,8
8.33333333333333,32.3,772,14,84,451,62.76,6
8.33333333333333,30.4,792,9,84,457,65.74,6
8.33333333333333,30.3,828,9,80,453,65.31,2
8.33333333333333,30.6,745,24,84,449,56.55,7
8.33333333333333,29.9,800,14,94,471,63.58,8
8.33333333333333,32.8,735,19,81,432,59.7,7
8.33333333333333,31.5,900,11,98,509,65.06,6
8.33333333333333,32,808,16,112,478,64.5,8
8.33333333333333,32.4,830,18,88,503,59.53,6
8.33333333333333,31.3,928,21,84,569,55.55,6
8.33333333333333,30,714,7,80,412,67.55,4
8.33333333333333,31.5,898,16,97,561,60.56,3
8.33333333333333,30.7,795,10,95,468,66.28,6
8.33333333333333,30.5,794,14,87,453,63.1,6
8.33333333333333,31.8,866,15,105,504,63.59,8
8.33333333333333,30.7,902,26,87,547,53.34,7
8.33333333333333,32.5,780,23,84,469,56.7,6
8.33333333333333,33.2,720,23,76,433,56.52,6
8.33333333333333,31.5,683,12,82,402,64.92,6
8.33333333333333,30.7,835,25,75,483,53.94,6
8.33333333333333,32.3,831,24,84,503,55.26,8
8.33333333333333,30.2,748,17,104,448,63.55,8
8.33333333333333,31.9,896,12,98,535,63.81,7
8.33333333333333,29.6,870,20,111,538,60.43,8
8.33333333333333,30.4,907,18,120,563,62.25,9
8.33333333333333,30.6,916,31,88,555,50.15,8
8.33333333333333,30.9,737,13,84,424,64.03,6
8.33333333333333,31.8,822,16,95,481,62.22,7
8.33333333333333,32.4,851,25,101,534,56.1,7
8.33333333333333,31,752,10,90,443,66.23,8
8.33333333333333,28.5,670,15,86,400,63.61,8
8.33333333333333,31.8,847,10,113,511,67.59,7
8.33333333333333,30.7,875,13,119,501,66.73,9
8.33333333333333,30.1,829,20,97,511,59.26,6
8.33333333333333,30.2,849,15,98,488,63.06,7
8.33333333333333,30.2,826,18,84,487,59.39,6
8.33333333333333,33.1,659,19,89,383,61.91,6
8.33333333333333,29.6,833,10,94,484,65.76,5
8.33333333333333,31.1,819,13,95,457,64.67,6
8.33333333333333,30.4,732,18,105,428,63.54,8
8.33333333333333,30.2,878,26,98,551,54.68,6
8.33333333333333,34.6849315068493,773,21,98,476,59.6,6
8.33333333333333,32.5479452054795,810,14,101,462,64.7,2
8.33333333333333,34.4219178082192,763,35,84,480,48.93,6
8.33333333333333,34.0602739726027,728,17,87,430,61.77,7
8.33333333333333,35.9013698630137,712,17,92,436,62.28,7
8.33333333333333,35.4739726027397,756,6,99,439,69.99,7
8.33333333333333,33.6657534246575,851,13,106,509,64.85,5
8.33333333333333,34.586301369863,726,8,87,430,67.4,4
8.33333333333333,33.7643835616438,877,19,92,524,58.92,6
8.33333333333333,33.8630136986301,754,17,86,460,60.92,7
8,29.8,785,15,89,466,62.42,6
8,31.3,771,22,94,479,58.38,9
8,30.4,849,12,92,473,64.52,6
8,30.1,781,11,79,458,63.81,4
8,30.8,701,14,82,402,63.67,4
8,29.7,788,12,76,467,62.58,4
8,29,781,22,79,483,56.34,6
8,29.7,892,15,90,529,61.04,6
8,31.3,858,16,99,512,61.99,6
5.71428571428571,29.8,781,19,88,480,59.45,9
5.71428571428571,28.3,846,24,83,499,55.22,6
5.71428571428571,29.5,889,17,105,535,61.59,6
5.71428571428571,30,886,19,102,524,60.22,8
5.71428571428571,30.1,916,20,96,546,58.29,8
5.71428571428571,30.1,855,25,83,527,53.93,6
5.71428571428571,30.7,808,8,107,482,68.75,9
5.71428571428571,30.7,854,12,105,489,65.82,9
5.71428571428571,30,801,17,93,467,61.67,8
5.71428571428571,28.7,958,17,127,581,63.35,9
10,30,876,15,102,526,62.67,9
10,29.3,953,30,98,583,51.41,9
10,29.8,695,8,77,407,66.65,5
10,29.1,731,8,88,406,68.11,5
10,29,779,14,96,468,63.91,6
10,30.7,884,21,114,521,60.6,9
10,30.6,781,15,93,467,62.92,2
10,30.5,954,23,95,550,56.18,6
10,30.2,729,22,81,435,57.75,4
10,29.6,836,23,92,500,56.99,6
10,29.3,743,7,85,429,67.79,3
10,30.3,640,10,89,385,67.49,4
10,31,807,15,89,466,62.42,6
10,33,892,11,100,509,65.32,8
10,29.4,898,19,99,527,59.76,6
10,29.4,903,11,100,523,64.98,9
10,29.7,793,16,98,492,62.34,7
10,30.8,860,20,98,520,59.17,7
10,29.3,846,15,99,511,62.64,7
10,30.5,797,16,96,485,62.25,7
5.71428571428571,31.8,747,22,81,449,57.41,4
5.71428571428571,34.4,912,27,101,538,54.75,7
5.71428571428571,29.9,856,16,99,499,62.3,7
5.71428571428571,30.7,845,19,79,515,57.44,5
5.71428571428571,31.1,775,12,97,456,65.58,7
5.71428571428571,31.8,788,29,96,490,54,6
5.71428571428571,30.5,727,8,71,421,65.54,7
5.71428571428571,30.8,755,21,77,454,57.4,5
6.25,30,692,17,94,419,62.95,7
6.25,29.5,719,15,98,419,64.72,8
6.25,30.2,926,13,108,558,63.93,7
6.25,31,800,21,92,457,59.28,5
6.25,30.9,846,11,114,518,66.92,9
6.25,29.7,958,16,117,580,62.7,7
6.25,29.4,768,22,82,459,57.3,6
6.25,29.9,721,11,83,426,65.1,6
6.25,30.7,900,11,86,543,62.68,6
6.25,30.7,891,9,107,513,67.38,7
6.25,29.7,737,18,89,460,60.69,6
6.25,30.1,900,15,98,526,62.15,6
6.25,30.2,745,12,97,449,65.74,4
6.25,29.9,760,17,95,435,62.69,6
6.25,29.8,841,16,83,500,60.2,6
6.25,30,868,15,109,505,64.08,5
6.25,29.5,744,15,79,442,61.7,4
6.25,30,746,13,83,442,63.47,4
6.25,29.2,721,16,94,436,63.17,4
6.25,29.3,838,17,105,505,62.31,6
6.25,31.5,851,15,94,509,62.04,6
6.25,30.3,834,11,88,494,64.12,2
6.25,28.8,851,12,99,497,64.85,6
6.25,30.6,798,14,89,483,62.64,6
6.25,29.1,694,16,87,418,62.69,5
6.25,30.9,782,13,106,459,66.05,4
6.25,29.9,788,22,98,457,59.43,7
6.25,29.7,761,19,92,448,60.74,6
6.25,31,793,15,98,491,62.99,2
6.25,30.1,854,22,103,497,59.12,7
6.25,30.8,835,16,106,491,63.41,8
6.25,31.6,841,13,115,518,65.8,7
6.25,31.8,784,17,89,475,60.95,7
6.25,31.1,855,21,106,521,59.56,8
6.25,30.5,796,18,92,468,60.89,6
6.25,30.3,775,12,99,460,65.74,7
6.25,30.9,838,11,109,472,67.38,9
6.25,30.4,731,22,85,431,58.37,6
6.25,29.8,763,19,87,451,60.02,4
6.25,30.6,714,14,89,430,63.91,7
6.25,31.1,907,11,104,519,65.6,6
6.25,31.7,860,15,98,475,63.37,6
6.25,30.2,787,15,86,427,62.97,4
6.25,30.5,763,14,89,434,63.81,4
6.25,30,917,10,88,449,65.82,6
6.25,30.2,720,7,96,540,66.55,3
6.25,29.5,831,21,100,447,60.56,6
6.25,32.3,767,14,95,504,62.91,6
6.25,28.3,887,12,107,518,65.39,6
6.25,30.5,665,15,87,398,63.79,4
6.25,29.5,767,14,113,509,65.13,6
6.25,30.5,913,15,114,546,63.75,8
6.25,30.8,899,10,97,529,65.07,3
6.25,30.6,741,14,116,449,66.96,3
6.25,30.2,757,15,48,444,61.52,2
6.25,30.5,845,14,89,498,62.28,7
6.25,29.9,680,11,90,402,66.59,7
6.25,30.7,784,11,91,467,65.16,4
6.25,30.3,792,20,98,479,60.15,8
6.25,30.9,792,9,98,456,67.58,4
6.25,30.3,890,14,92,536,61.76,6
6.25,30.6,782,19,93,467,60.42,4
6.25,30,785,9,88,469,65.97,4
6.25,30.1,858,10,100,513,65.85,3
6.25,30.9,723,7,93,428,68.35,3
6.25,30.5,864,11,89,528,63.43,4
6.25,29.6,738,9,98,442,67.92,6
6.25,30.2,695,13,96,421,65.66,3
6.25,29.7,714,15,77,411,62.18,7
6.25,31.4,761,12,90,463,64.5,6
6.25,30.3,880,15,93,524,61.55,5
6.25,30,843,10,92,477,65.67,6
8,31.1342465753425,777,11,119,460,68.96,6
8,30.5753424657534,887,8,105,523,67.51,7
8,30.213698630137,878,22,84,516,56.2,7
8,29.0958904109589,966,22,105,573,57.56,6
8,30.3452054794521,920,18,102,542,60.41,6
8,32.3178082191781,668,21,94,399,60.93,8
8,30.0493150684932,823,10,89,478,65.26,5
8,30.7068493150685,857,19,103,513,60.61,8
8,30.9698630136986,752,15,100,446,64.33,8
8,31.5287671232877,834,20,103,513,59.99,7
8,30.7068493150685,856,19,87,532,58.08,7
8,29.9178082191781,828,16,84,505,60.21,4
8,30.213698630137,716,16,88,418,62.82,6
8,31.3315068493151,892,12,94,510,63.89,6
8,30.8712328767123,828,9,96,509,66.05,7
8,30.2465753424658,847,16,94,499,61.65,7
8,30.8712328767123,820,10,92,489,65.38,6
8,31.4630136986301,825,11,78,475,63.27,4
8,29.8849315068493,798,14,100,472,64.33,7
8,31.4301369863014,905,21,84,544,56.15,6
8,31.2328767123288,779,12,89,460,64.44,7
8.33333333333333,31.1,793,9,106,477,68.12,7
8.33333333333333,31,910,13,109,538,64.54,8
8,31.2,823,11,109,473,67.35,7
8.33333333333333,31.6,818,22,87,483,57.38,4
8.33333333333333,32.4,829,14,96,483,63.55,6
8.33333333333333,30.4,848,23,85,493,56.25,6
8,30.4,829,17,98,476,62.1,6
8.33333333333333,29.9,874,20,118,558,60.86,7
8.33333333333333,31.4,851,13,97,517,63.49,6
8.33333333333333,31,830,20,86,503,58.02,2
8.33333333333333,30.4,773,12,96,466,65.21,7
8.33333333333333,29.8,778,11,103,464,66.79,6
8.33333333333333,29.7,924,16,125,573,63.91,9
8.33333333333333,29.9,884,12,90,508,63.42,6
8.33333333333333,30.9,800,19,97,458,61.15,7
8.33333333333333,30.3,898,14,103,515,63.69,6
8.33333333333333,31.9,784,18,106,463,62.83,6
8.33333333333333,32.1,788,22,102,467,59.71,7
8.33333333333333,29.7,712,14,83,426,63.23,4
8.33333333333333,31.3,866,19,90,541,58.25,7
